Elliptic-Fourier-30%

             precision    recall  f1-score   support

          0       0.37      0.45      0.41        86
          1       0.69      0.67      0.68        85
          2       0.70      0.79      0.74        85
          3       0.56      0.44      0.49       109
          4       0.47      0.45      0.46        97
          5       0.54      0.49      0.52        91
          a       0.85      0.81      0.83       100
          e       0.80      0.76      0.78        85
          i       0.63      0.73      0.68        78
          o       0.80      0.68      0.73        90
          u       0.40      0.47      0.43        91

avg / total       0.62      0.61      0.61       997

Histogram-of-Oriented-Gradients-30%

             precision    recall  f1-score   support

          0       0.26      0.41      0.32        86
          1       0.45      0.69      0.54        85
          2       0.60      0.18      0.27        85
          3       0.67      0.28      0.40       109
          4       0.43      0.40      0.41        97
          5       0.59      0.45      0.51        91
          a       0.79      0.57      0.66       100
          e       0.47      0.67      0.55        85
          i       0.66      0.63      0.64        78
          o       0.48      0.53      0.51        90
          u       0.32      0.46      0.38        91

avg / total       0.52      0.47      0.47       997

Histogram-of-Oriented-Gradients-PCA-30%

             precision    recall  f1-score   support

          0       0.26      0.42      0.32        86
          1       0.45      0.67      0.54        85
          2       0.68      0.18      0.28        85
          3       0.69      0.27      0.38       109
          4       0.45      0.42      0.44        97
          5       0.51      0.40      0.44        91
          a       0.77      0.59      0.67       100
          e       0.46      0.62      0.53        85
          i       0.66      0.63      0.64        78
          o       0.45      0.56      0.50        90
          u       0.31      0.43      0.36        91

avg / total       0.52      0.47      0.46       997

Hu-Moments-Nmz-30%

             precision    recall  f1-score   support

          0       0.31      0.27      0.29        86
          1       0.35      0.38      0.36        85
          2       0.27      0.33      0.30        85
          3       0.29      0.21      0.25       109
          4       0.33      0.37      0.35        97
          5       0.28      0.24      0.26        91
          a       0.34      0.36      0.35       100
          e       0.27      0.25      0.26        85
          i       0.26      0.35      0.30        78
          o       0.28      0.29      0.28        90
          u       0.29      0.24      0.26        91

avg / total       0.30      0.30      0.29       997

Geometric-30%

             precision    recall  f1-score   support

          0       0.24      0.24      0.24        86
          1       0.16      0.20      0.18        85
          2       0.22      0.27      0.24        85
          3       0.29      0.24      0.26       109
          4       0.28      0.23      0.25        97
          5       0.20      0.15      0.18        91
          a       0.40      0.42      0.41       100
          e       0.16      0.16      0.16        85
          i       0.20      0.26      0.22        78
          o       0.08      0.07      0.07        90
          u       0.20      0.21      0.20        91

avg / total       0.23      0.22      0.22       997

CoF-30%

             precision    recall  f1-score   support

          0       0.26      0.24      0.25        86
          1       0.16      0.20      0.18        85
          2       0.23      0.31      0.26        85
          3       0.30      0.22      0.26       109
          4       0.29      0.22      0.25        97
          5       0.18      0.13      0.15        91
          a       0.41      0.45      0.43       100
          e       0.16      0.15      0.15        85
          i       0.21      0.28      0.24        78
          o       0.09      0.08      0.08        90
          u       0.18      0.21      0.19        91

avg / total       0.23      0.23      0.23       997

HOG_EF-30%

             precision    recall  f1-score   support

          0       0.37      0.45      0.41        86
          1       0.70      0.67      0.68        85
          2       0.70      0.79      0.74        85
          3       0.57      0.44      0.50       109
          4       0.46      0.46      0.46        97
          5       0.54      0.49      0.52        91
          a       0.85      0.81      0.83       100
          e       0.80      0.78      0.79        85
          i       0.64      0.74      0.69        78
          o       0.82      0.68      0.74        90
          u       0.40      0.48      0.44        91

avg / total       0.62      0.61      0.62       997

HOGPCA_EF-30%

             precision    recall  f1-score   support

          0       0.37      0.45      0.41        86
          1       0.70      0.67      0.68        85
          2       0.70      0.79      0.74        85
          3       0.57      0.44      0.50       109
          4       0.46      0.46      0.46        97
          5       0.54      0.49      0.52        91
          a       0.85      0.81      0.83       100
          e       0.80      0.78      0.79        85
          i       0.64      0.74      0.69        78
          o       0.82      0.68      0.74        90
          u       0.40      0.48      0.44        91

avg / total       0.62      0.61      0.62       997

Elliptic-Fourier-25%

             precision    recall  f1-score   support

          0       0.33      0.45      0.38        67
          1       0.66      0.66      0.66        70
          2       0.71      0.77      0.74        73
          3       0.57      0.45      0.50        89
          4       0.48      0.51      0.50        76
          5       0.55      0.53      0.54        78
          a       0.88      0.79      0.84        87
          e       0.84      0.76      0.80        76
          i       0.62      0.75      0.68        63
          o       0.82      0.65      0.73        75
          u       0.40      0.43      0.41        77

avg / total       0.63      0.61      0.62       831

Histogram-of-Oriented-Gradients-25%

             precision    recall  f1-score   support

          0       0.25      0.45      0.32        67
          1       0.48      0.69      0.57        70
          2       0.68      0.18      0.28        73
          3       0.70      0.31      0.43        89
          4       0.44      0.46      0.45        76
          5       0.57      0.46      0.51        78
          a       0.83      0.60      0.69        87
          e       0.51      0.66      0.57        76
          i       0.65      0.63      0.64        63
          o       0.42      0.51      0.46        75
          u       0.34      0.43      0.38        77

avg / total       0.54      0.48      0.48       831

Histogram-of-Oriented-Gradients-PCA-25%

             precision    recall  f1-score   support

          0       0.26      0.48      0.34        67
          1       0.50      0.71      0.58        70
          2       0.50      0.16      0.25        73
          3       0.72      0.35      0.47        89
          4       0.46      0.47      0.46        76
          5       0.59      0.47      0.52        78
          a       0.84      0.55      0.67        87
          e       0.52      0.67      0.59        76
          i       0.65      0.63      0.64        63
          o       0.43      0.52      0.47        75
          u       0.39      0.47      0.42        77

avg / total       0.54      0.50      0.49       831

Hu-Moments-Nmz-25%

             precision    recall  f1-score   support

          0       0.20      0.19      0.20        67
          1       0.31      0.34      0.32        70
          2       0.27      0.33      0.30        73
          3       0.28      0.21      0.24        89
          4       0.31      0.36      0.33        76
          5       0.33      0.33      0.33        78
          a       0.31      0.25      0.28        87
          e       0.27      0.26      0.27        76
          i       0.24      0.30      0.27        63
          o       0.26      0.24      0.25        75
          u       0.29      0.29      0.29        77

avg / total       0.28      0.28      0.28       831

Geometric-25%

             precision    recall  f1-score   support

          0       0.26      0.27      0.26        67
          1       0.16      0.21      0.18        70
          2       0.20      0.23      0.22        73
          3       0.25      0.22      0.24        89
          4       0.20      0.18      0.19        76
          5       0.23      0.15      0.18        78
          a       0.41      0.43      0.42        87
          e       0.19      0.16      0.17        76
          i       0.23      0.30      0.26        63
          o       0.08      0.07      0.07        75
          u       0.21      0.23      0.22        77

avg / total       0.22      0.23      0.22       831

CoF-25%

             precision    recall  f1-score   support

          0       0.22      0.22      0.22        67
          1       0.19      0.24      0.21        70
          2       0.22      0.27      0.25        73
          3       0.29      0.22      0.25        89
          4       0.20      0.16      0.18        76
          5       0.25      0.18      0.21        78
          a       0.43      0.46      0.44        87
          e       0.18      0.14      0.16        76
          i       0.21      0.30      0.25        63
          o       0.10      0.09      0.10        75
          u       0.21      0.23      0.22        77

avg / total       0.23      0.23      0.23       831

HOG_EF-25%

             precision    recall  f1-score   support

          0       0.33      0.45      0.38        67
          1       0.67      0.66      0.66        70
          2       0.72      0.77      0.74        73
          3       0.59      0.46      0.52        89
          4       0.46      0.51      0.49        76
          5       0.55      0.53      0.54        78
          a       0.88      0.79      0.84        87
          e       0.84      0.78      0.81        76
          i       0.63      0.76      0.69        63
          o       0.84      0.65      0.74        75
          u       0.40      0.44      0.42        77

avg / total       0.63      0.62      0.62       831

HOGPCA_EF-25%

             precision    recall  f1-score   support

          0       0.33      0.45      0.38        67
          1       0.67      0.66      0.66        70
          2       0.72      0.77      0.74        73
          3       0.59      0.46      0.52        89
          4       0.46      0.51      0.49        76
          5       0.55      0.53      0.54        78
          a       0.88      0.79      0.84        87
          e       0.84      0.78      0.81        76
          i       0.63      0.76      0.69        63
          o       0.84      0.65      0.74        75
          u       0.40      0.44      0.42        77

avg / total       0.63      0.62      0.62       831

Elliptic-Fourier-20%

             precision    recall  f1-score   support

          0       0.34      0.41      0.37        54
          1       0.75      0.67      0.71        61
          2       0.67      0.77      0.71        60
          3       0.58      0.48      0.53        73
          4       0.46      0.50      0.48        62
          5       0.57      0.53      0.55        64
          a       0.89      0.82      0.85        68
          e       0.84      0.77      0.80        61
          i       0.62      0.71      0.66        45
          o       0.85      0.78      0.81        58
          u       0.39      0.44      0.42        59

avg / total       0.64      0.62      0.63       665

Histogram-of-Oriented-Gradients-20%

             precision    recall  f1-score   support

          0       0.23      0.35      0.28        54
          1       0.47      0.62      0.54        61
          2       0.75      0.20      0.32        60
          3       0.71      0.30      0.42        73
          4       0.40      0.40      0.40        62
          5       0.60      0.44      0.50        64
          a       0.80      0.60      0.69        68
          e       0.45      0.64      0.53        61
          i       0.62      0.64      0.63        45
          o       0.38      0.47      0.42        58
          u       0.31      0.47      0.38        59

avg / total       0.53      0.46      0.46       665

Histogram-of-Oriented-Gradients-PCA-20%

             precision    recall  f1-score   support

          0       0.23      0.39      0.29        54
          1       0.48      0.66      0.55        61
          2       0.71      0.20      0.31        60
          3       0.74      0.32      0.44        73
          4       0.42      0.40      0.41        62
          5       0.63      0.45      0.53        64
          a       0.81      0.62      0.70        68
          e       0.48      0.64      0.55        61
          i       0.60      0.67      0.63        45
          o       0.40      0.50      0.45        58
          u       0.32      0.42      0.36        59

avg / total       0.54      0.47      0.48       665

Hu-Moments-Nmz-20%

             precision    recall  f1-score   support

          0       0.19      0.17      0.18        54
          1       0.35      0.31      0.33        61
          2       0.23      0.28      0.26        60
          3       0.32      0.25      0.28        73
          4       0.32      0.35      0.34        62
          5       0.36      0.39      0.38        64
          a       0.31      0.25      0.28        68
          e       0.24      0.25      0.24        61
          i       0.24      0.33      0.28        45
          o       0.27      0.28      0.27        58
          u       0.27      0.25      0.26        59

avg / total       0.29      0.28      0.28       665

Geometric-20%

             precision    recall  f1-score   support

          0       0.19      0.20      0.19        54
          1       0.12      0.13      0.12        61
          2       0.21      0.23      0.22        60
          3       0.30      0.25      0.27        73
          4       0.23      0.18      0.20        62
          5       0.24      0.16      0.19        64
          a       0.38      0.47      0.42        68
          e       0.24      0.20      0.21        61
          i       0.20      0.24      0.22        45
          o       0.11      0.12      0.11        58
          u       0.23      0.24      0.23        59

avg / total       0.22      0.22      0.22       665

CoF-20%

             precision    recall  f1-score   support

          0       0.17      0.19      0.18        54
          1       0.12      0.13      0.13        61
          2       0.21      0.25      0.23        60
          3       0.27      0.22      0.24        73
          4       0.25      0.19      0.22        62
          5       0.28      0.17      0.21        64
          a       0.38      0.49      0.43        68
          e       0.22      0.16      0.19        61
          i       0.20      0.27      0.23        45
          o       0.12      0.14      0.13        58
          u       0.25      0.27      0.26        59

avg / total       0.23      0.23      0.22       665

HOG_EF-20%

             precision    recall  f1-score   support

          0       0.35      0.41      0.38        54
          1       0.75      0.67      0.71        61
          2       0.68      0.77      0.72        60
          3       0.59      0.49      0.54        73
          4       0.46      0.50      0.48        62
          5       0.57      0.55      0.56        64
          a       0.89      0.82      0.85        68
          e       0.84      0.77      0.80        61
          i       0.63      0.73      0.68        45
          o       0.88      0.78      0.83        58
          u       0.40      0.46      0.43        59

avg / total       0.64      0.63      0.63       665

HOGPCA_EF-20%

             precision    recall  f1-score   support

          0       0.35      0.41      0.38        54
          1       0.75      0.67      0.71        61
          2       0.68      0.77      0.72        60
          3       0.59      0.49      0.54        73
          4       0.46      0.50      0.48        62
          5       0.57      0.55      0.56        64
          a       0.89      0.82      0.85        68
          e       0.84      0.77      0.80        61
          i       0.63      0.73      0.68        45
          o       0.88      0.78      0.83        58
          u       0.40      0.46      0.43        59

avg / total       0.64      0.63      0.63       665

