Elliptic-Fourier-30%

             precision    recall  f1-score   support

          0       0.40      0.40      0.40        86
          1       0.24      0.52      0.33        85
          2       0.37      0.65      0.47        85
          3       0.53      0.07      0.13       109
          4       0.28      0.18      0.22        97
          5       0.22      0.25      0.24        91
          a       0.52      0.49      0.50       100
          e       0.59      0.68      0.63        85
          i       0.40      0.55      0.46        78
          o       0.48      0.18      0.26        90
          u       0.39      0.29      0.33        91

avg / total       0.41      0.37      0.35       997

Histogram-of-Oriented-Gradients-30%

             precision    recall  f1-score   support

          0       0.37      0.37      0.37        86
          1       0.61      0.68      0.64        85
          2       0.63      0.67      0.65        85
          3       0.51      0.46      0.48       109
          4       0.45      0.47      0.46        97
          5       0.48      0.46      0.47        91
          a       0.59      0.66      0.62       100
          e       0.51      0.52      0.51        85
          i       0.66      0.47      0.55        78
          o       0.60      0.60      0.60        90
          u       0.45      0.46      0.46        91

avg / total       0.53      0.53      0.53       997

Histogram-of-Oriented-Gradients-PCA-30%

             precision    recall  f1-score   support

          0       0.38      0.44      0.41        86
          1       0.39      0.49      0.44        85
          2       0.73      0.51      0.60        85
          3       0.54      0.38      0.44       109
          4       0.34      0.36      0.35        97
          5       0.41      0.55      0.47        91
          a       0.70      0.62      0.66       100
          e       0.54      0.44      0.48        85
          i       0.52      0.60      0.56        78
          o       0.44      0.43      0.44        90
          u       0.38      0.40      0.39        91

avg / total       0.49      0.47      0.47       997

Hu-Moments-Nmz-30%

             precision    recall  f1-score   support

          0       0.00      0.00      0.00        86
          1       0.35      0.34      0.35        85
          2       0.22      0.24      0.22        85
          3       0.00      0.00      0.00       109
          4       0.25      0.42      0.31        97
          5       0.24      0.22      0.23        91
          a       0.37      0.34      0.35       100
          e       0.25      0.36      0.30        85
          i       0.18      0.47      0.26        78
          o       0.24      0.09      0.13        90
          u       0.28      0.31      0.29        91

avg / total       0.21      0.25      0.22       997

Geometric-30%

             precision    recall  f1-score   support

          0       0.00      0.00      0.00        86
          1       0.00      0.00      0.00        85
          2       0.00      0.00      0.00        85
          3       0.00      0.00      0.00       109
          4       0.00      0.00      0.00        97
          5       0.00      0.00      0.00        91
          a       0.00      0.00      0.00       100
          e       0.00      0.00      0.00        85
          i       0.08      1.00      0.15        78
          o       0.00      0.00      0.00        90
          u       0.00      0.00      0.00        91

avg / total       0.01      0.08      0.01       997

CoF-30%

             precision    recall  f1-score   support

          0       0.00      0.00      0.00        86
          1       0.14      0.66      0.23        85
          2       0.00      0.00      0.00        85
          3       0.11      0.17      0.13       109
          4       0.00      0.00      0.00        97
          5       0.00      0.00      0.00        91
          a       0.00      0.00      0.00       100
          e       0.00      0.00      0.00        85
          i       0.00      0.00      0.00        78
          o       0.08      0.39      0.14        90
          u       0.00      0.00      0.00        91

avg / total       0.03      0.11      0.05       997

HOG_EF-30%

             precision    recall  f1-score   support

          0       0.39      0.43      0.41        86
          1       0.31      0.47      0.37        85
          2       0.26      0.34      0.30        85
          3       0.30      0.32      0.31       109
          4       0.20      0.04      0.07        97
          5       0.23      0.18      0.20        91
          a       0.59      0.77      0.67       100
          e       0.73      0.32      0.44        85
          i       0.38      0.63      0.47        78
          o       0.41      0.47      0.44        90
          u       0.50      0.30      0.37        91

avg / total       0.39      0.38      0.37       997

HOGPCA_EF-30%

             precision    recall  f1-score   support

          0       0.36      0.17      0.23        86
          1       0.42      0.73      0.53        85
          2       0.36      0.29      0.32        85
          3       0.48      0.28      0.36       109
          4       0.17      0.04      0.07        97
          5       0.27      0.43      0.33        91
          a       0.58      0.72      0.64       100
          e       0.68      0.59      0.63        85
          i       0.45      0.54      0.49        78
          o       0.56      0.50      0.53        90
          u       0.41      0.59      0.49        91

avg / total       0.43      0.44      0.42       997

Elliptic-Fourier-25%

             precision    recall  f1-score   support

          0       0.17      0.07      0.10        67
          1       0.31      0.24      0.27        70
          2       0.39      0.64      0.48        73
          3       0.35      0.10      0.16        89
          4       0.23      0.09      0.13        76
          5       0.30      0.31      0.30        78
          a       0.66      0.53      0.59        87
          e       0.46      0.71      0.56        76
          i       0.24      0.38      0.29        63
          o       0.39      0.25      0.31        75
          u       0.32      0.62      0.42        77

avg / total       0.35      0.36      0.33       831

Histogram-of-Oriented-Gradients-25%

             precision    recall  f1-score   support

          0       0.45      0.27      0.34        67
          1       0.64      0.59      0.61        70
          2       0.70      0.45      0.55        73
          3       0.49      0.55      0.52        89
          4       0.41      0.45      0.43        76
          5       0.44      0.44      0.44        78
          a       0.65      0.67      0.66        87
          e       0.68      0.36      0.47        76
          i       0.53      0.65      0.58        63
          o       0.50      0.68      0.57        75
          u       0.46      0.66      0.55        77

avg / total       0.54      0.53      0.52       831

Histogram-of-Oriented-Gradients-PCA-25%

             precision    recall  f1-score   support

          0       0.51      0.37      0.43        67
          1       0.63      0.67      0.65        70
          2       0.52      0.48      0.50        73
          3       0.42      0.33      0.37        89
          4       0.41      0.29      0.34        76
          5       0.35      0.65      0.46        78
          a       0.72      0.63      0.67        87
          e       0.45      0.68      0.54        76
          i       0.61      0.56      0.58        63
          o       0.52      0.31      0.39        75
          u       0.46      0.47      0.46        77

avg / total       0.51      0.49      0.49       831

Hu-Moments-Nmz-25%

             precision    recall  f1-score   support

          0       0.06      0.06      0.06        67
          1       0.34      0.37      0.35        70
          2       0.29      0.07      0.11        73
          3       0.29      0.34      0.31        89
          4       0.27      0.30      0.29        76
          5       0.11      0.04      0.06        78
          a       0.28      0.48      0.36        87
          e       0.22      0.24      0.23        76
          i       0.18      0.54      0.27        63
          o       0.25      0.07      0.11        75
          u       0.06      0.01      0.02        77

avg / total       0.22      0.23      0.20       831

Geometric-25%

             precision    recall  f1-score   support

          0       0.00      0.00      0.00        67
          1       0.00      0.00      0.00        70
          2       0.00      0.00      0.00        73
          3       0.00      0.00      0.00        89
          4       0.09      0.99      0.17        76
          5       0.00      0.00      0.00        78
          a       0.50      0.06      0.10        87
          e       0.00      0.00      0.00        76
          i       0.00      0.00      0.00        63
          o       0.00      0.00      0.00        75
          u       0.00      0.00      0.00        77

avg / total       0.06      0.10      0.03       831

CoF-25%

             precision    recall  f1-score   support

          0       0.00      0.00      0.00        67
          1       0.00      0.00      0.00        70
          2       0.00      0.00      0.00        73
          3       0.00      0.00      0.00        89
          4       0.00      0.00      0.00        76
          5       0.09      1.00      0.17        78
          a       0.00      0.00      0.00        87
          e       0.00      0.00      0.00        76
          i       0.00      0.00      0.00        63
          o       0.00      0.00      0.00        75
          u       0.00      0.00      0.00        77

avg / total       0.01      0.09      0.02       831

HOG_EF-25%

             precision    recall  f1-score   support

          0       0.43      0.60      0.50        67
          1       0.35      0.54      0.42        70
          2       0.30      0.49      0.37        73
          3       0.33      0.18      0.23        89
          4       0.28      0.17      0.21        76
          5       0.41      0.27      0.33        78
          a       0.57      0.66      0.61        87
          e       0.64      0.74      0.69        76
          i       0.46      0.60      0.52        63
          o       0.47      0.36      0.41        75
          u       0.46      0.22      0.30        77

avg / total       0.43      0.43      0.41       831

HOGPCA_EF-25%

             precision    recall  f1-score   support

          0       0.20      0.01      0.03        67
          1       0.41      0.57      0.48        70
          2       0.44      0.52      0.48        73
          3       0.48      0.45      0.46        89
          4       0.28      0.17      0.21        76
          5       0.29      0.28      0.29        78
          a       0.68      0.72      0.70        87
          e       0.71      0.72      0.72        76
          i       0.50      0.49      0.50        63
          o       0.56      0.59      0.57        75
          u       0.41      0.68      0.51        77

avg / total       0.46      0.48      0.46       831

Elliptic-Fourier-20%

             precision    recall  f1-score   support

          0       0.38      0.46      0.42        54
          1       0.21      0.16      0.18        61
          2       0.39      0.32      0.35        60
          3       0.00      0.00      0.00        73
          4       0.20      0.77      0.31        62
          5       0.00      0.00      0.00        64
          a       0.25      0.12      0.16        68
          e       0.56      0.67      0.61        61
          i       0.33      0.33      0.33        45
          o       0.42      0.55      0.47        58
          u       0.47      0.25      0.33        59

avg / total       0.28      0.32      0.28       665

Histogram-of-Oriented-Gradients-20%

             precision    recall  f1-score   support

          0       0.38      0.48      0.43        54
          1       0.61      0.54      0.57        61
          2       0.69      0.62      0.65        60
          3       0.60      0.37      0.46        73
          4       0.38      0.56      0.45        62
          5       0.35      0.45      0.39        64
          a       0.72      0.62      0.67        68
          e       0.68      0.38      0.48        61
          i       0.44      0.56      0.49        45
          o       0.54      0.60      0.57        58
          u       0.55      0.49      0.52        59

avg / total       0.54      0.51      0.52       665

Histogram-of-Oriented-Gradients-PCA-20%

             precision    recall  f1-score   support

          0       0.41      0.35      0.38        54
          1       0.64      0.74      0.69        61
          2       0.52      0.47      0.49        60
          3       0.33      0.26      0.29        73
          4       0.38      0.26      0.31        62
          5       0.29      0.55      0.38        64
          a       0.72      0.56      0.63        68
          e       0.54      0.52      0.53        61
          i       0.57      0.76      0.65        45
          o       0.35      0.22      0.27        58
          u       0.43      0.47      0.45        59

avg / total       0.47      0.46      0.46       665

Hu-Moments-Nmz-20%

             precision    recall  f1-score   support

          0       0.00      0.00      0.00        54
          1       0.35      0.33      0.34        61
          2       0.24      0.18      0.21        60
          3       0.21      0.11      0.14        73
          4       0.21      0.23      0.22        62
          5       0.28      0.33      0.30        64
          a       0.34      0.38      0.36        68
          e       0.26      0.28      0.27        61
          i       0.17      0.58      0.27        45
          o       0.21      0.17      0.19        58
          u       0.20      0.15      0.17        59

avg / total       0.23      0.24      0.23       665

Geometric-20%

             precision    recall  f1-score   support

          0       0.00      0.00      0.00        54
          1       0.00      0.00      0.00        61
          2       0.00      0.00      0.00        60
          3       0.16      0.32      0.21        73
          4       0.00      0.00      0.00        62
          5       0.00      0.00      0.00        64
          a       0.18      0.93      0.31        68
          e       0.00      0.00      0.00        61
          i       0.16      0.62      0.25        45
          o       0.00      0.00      0.00        58
          u       0.00      0.00      0.00        59

avg / total       0.05      0.17      0.07       665

CoF-20%

             precision    recall  f1-score   support

          0       0.00      0.00      0.00        54
          1       0.00      0.00      0.00        61
          2       0.00      0.00      0.00        60
          3       0.00      0.00      0.00        73
          4       0.09      1.00      0.17        62
          5       0.00      0.00      0.00        64
          a       0.00      0.00      0.00        68
          e       0.00      0.00      0.00        61
          i       0.00      0.00      0.00        45
          o       0.00      0.00      0.00        58
          u       0.00      0.00      0.00        59

avg / total       0.01      0.09      0.02       665

HOG_EF-20%

             precision    recall  f1-score   support

          0       0.38      0.26      0.31        54
          1       0.24      0.59      0.34        61
          2       0.20      0.15      0.17        60
          3       0.00      0.00      0.00        73
          4       0.07      0.08      0.07        62
          5       0.20      0.19      0.19        64
          a       0.15      0.10      0.12        68
          e       0.66      0.66      0.66        61
          i       0.27      0.44      0.34        45
          o       0.32      0.34      0.33        58
          u       0.28      0.25      0.27        59

avg / total       0.24      0.27      0.25       665

HOGPCA_EF-20%

             precision    recall  f1-score   support

          0       0.33      0.09      0.14        54
          1       0.46      0.46      0.46        61
          2       0.55      0.55      0.55        60
          3       0.42      0.58      0.49        73
          4       0.30      0.18      0.22        62
          5       0.27      0.20      0.23        64
          a       0.51      0.78      0.62        68
          e       0.65      0.61      0.63        61
          i       0.44      0.62      0.51        45
          o       0.47      0.26      0.33        58
          u       0.38      0.56      0.45        59

avg / total       0.43      0.45      0.42       665

