Elliptic-Fourier-20%

             precision    recall  f1-score   support

          0       0.42      0.41      0.41        54
          1       0.74      0.75      0.75        61
          2       0.84      0.87      0.85        60
          3       0.61      0.58      0.59        73
          4       0.45      0.50      0.47        62
          5       0.57      0.59      0.58        64
          a       0.93      0.84      0.88        68
          e       0.85      0.77      0.81        61
          i       0.68      0.76      0.72        45
          o       0.90      0.78      0.83        58
          u       0.51      0.58      0.54        59

avg / total       0.68      0.67      0.68       665

Histogram-of-Oriented-Gradients-20%

             precision    recall  f1-score   support

          0       0.45      0.50      0.47        54
          1       0.71      0.75      0.73        61
          2       0.78      0.72      0.75        60
          3       0.62      0.55      0.58        73
          4       0.52      0.55      0.53        62
          5       0.57      0.62      0.60        64
          a       0.80      0.81      0.80        68
          e       0.77      0.67      0.72        61
          i       0.74      0.76      0.75        45
          o       0.81      0.83      0.82        58
          u       0.51      0.49      0.50        59

avg / total       0.66      0.66      0.66       665

Histogram-of-Oriented-Gradients-PCA-20%

             precision    recall  f1-score   support

          0       0.46      0.52      0.49        54
          1       0.72      0.75      0.74        61
          2       0.75      0.72      0.74        60
          3       0.59      0.56      0.57        73
          4       0.50      0.52      0.51        62
          5       0.57      0.61      0.59        64
          a       0.81      0.79      0.80        68
          e       0.77      0.67      0.72        61
          i       0.69      0.73      0.71        45
          o       0.81      0.83      0.82        58
          u       0.54      0.49      0.51        59

avg / total       0.66      0.65      0.65       665

Hu-Moments-Nmz-20%

             precision    recall  f1-score   support

          0       0.17      0.02      0.03        54
          1       0.36      0.39      0.38        61
          2       0.26      0.35      0.30        60
          3       0.30      0.23      0.26        73
          4       0.26      0.55      0.35        62
          5       0.20      0.06      0.10        64
          a       0.50      0.18      0.26        68
          e       0.29      0.15      0.20        61
          i       0.17      0.69      0.27        45
          o       0.24      0.22      0.23        58
          u       0.18      0.03      0.06        59

avg / total       0.27      0.25      0.22       665

Geometric-20%

             precision    recall  f1-score   support

          0       0.33      0.09      0.14        54
          1       0.28      0.08      0.13        61
          2       0.23      0.05      0.08        60
          3       0.38      0.07      0.12        73
          4       0.44      0.13      0.20        62
          5       0.58      0.11      0.18        64
          a       0.50      0.09      0.15        68
          e       0.36      0.08      0.13        61
          i       0.07      0.78      0.12        45
          o       0.20      0.03      0.06        58
          u       0.15      0.03      0.06        59

avg / total       0.33      0.12      0.13       665

CoF-20%

             precision    recall  f1-score   support

          0       0.57      0.07      0.13        54
          1       0.43      0.05      0.09        61
          2       0.00      0.00      0.00        60
          3       0.60      0.04      0.08        73
          4       0.53      0.13      0.21        62
          5       0.75      0.09      0.17        64
          a       0.67      0.09      0.16        68
          e       0.50      0.07      0.12        61
          i       0.07      0.89      0.13        45
          o       0.67      0.03      0.07        58
          u       0.22      0.03      0.06        59

avg / total       0.47      0.12      0.11       665

HOG_EF-20%

             precision    recall  f1-score   support

          0       0.44      0.44      0.44        54
          1       0.82      0.75      0.79        61
          2       0.83      0.90      0.86        60
          3       0.61      0.58      0.59        73
          4       0.45      0.50      0.47        62
          5       0.58      0.62      0.60        64
          a       0.93      0.84      0.88        68
          e       0.88      0.80      0.84        61
          i       0.68      0.76      0.72        45
          o       0.92      0.78      0.84        58
          u       0.52      0.58      0.54        59

avg / total       0.70      0.69      0.69       665

HOGPCA_EF-20%

             precision    recall  f1-score   support

          0       0.44      0.44      0.44        54
          1       0.81      0.75      0.78        61
          2       0.83      0.88      0.85        60
          3       0.61      0.58      0.59        73
          4       0.45      0.50      0.47        62
          5       0.58      0.62      0.60        64
          a       0.93      0.84      0.88        68
          e       0.87      0.79      0.83        61
          i       0.68      0.76      0.72        45
          o       0.90      0.78      0.83        58
          u       0.52      0.58      0.54        59

avg / total       0.69      0.68      0.69       665
Elliptic-Fourier-25%

             precision    recall  f1-score   support

          0       0.39      0.45      0.42        67
          1       0.65      0.74      0.69        70
          2       0.81      0.82      0.82        73
          3       0.58      0.53      0.55        89
          4       0.44      0.55      0.49        76
          5       0.61      0.60      0.61        78
          a       0.91      0.80      0.85        87
          e       0.84      0.83      0.83        76
          i       0.75      0.84      0.79        63
          o       0.87      0.64      0.74        75
          u       0.49      0.44      0.46        77

avg / total       0.67      0.66      0.66       831

Histogram-of-Oriented-Gradients-25%

             precision    recall  f1-score   support

          0       0.43      0.45      0.44        67
          1       0.70      0.79      0.74        70
          2       0.83      0.66      0.73        73
          3       0.62      0.60      0.61        89
          4       0.49      0.54      0.51        76
          5       0.54      0.56      0.55        78
          a       0.83      0.80      0.82        87
          e       0.78      0.71      0.74        76
          i       0.69      0.78      0.73        63
          o       0.81      0.80      0.81        75
          u       0.50      0.49      0.50        77

avg / total       0.66      0.65      0.65       831

Histogram-of-Oriented-Gradients-PCA-25%

             precision    recall  f1-score   support

          0       0.42      0.45      0.43        67
          1       0.69      0.80      0.74        70
          2       0.81      0.64      0.72        73
          3       0.63      0.61      0.62        89
          4       0.49      0.55      0.52        76
          5       0.53      0.54      0.53        78
          a       0.83      0.78      0.80        87
          e       0.75      0.67      0.71        76
          i       0.68      0.75      0.71        63
          o       0.81      0.80      0.81        75
          u       0.50      0.49      0.50        77

avg / total       0.65      0.64      0.65       831

Hu-Moments-Nmz-25%

             precision    recall  f1-score   support

          0       0.19      0.04      0.07        67
          1       0.37      0.44      0.40        70
          2       0.25      0.40      0.31        73
          3       0.39      0.27      0.32        89
          4       0.26      0.55      0.35        76
          5       0.21      0.08      0.11        78
          a       0.55      0.07      0.12        87
          e       0.30      0.17      0.22        76
          i       0.18      0.65      0.28        63
          o       0.26      0.24      0.25        75
          u       0.33      0.04      0.07        77

avg / total       0.31      0.26      0.23       831

Geometric-25%

             precision    recall  f1-score   support

          0       0.25      0.06      0.10        67
          1       0.28      0.11      0.16        70
          2       0.25      0.04      0.07        73
          3       0.33      0.06      0.10        89
          4       0.32      0.13      0.19        76
          5       0.58      0.09      0.16        78
          a       0.57      0.09      0.16        87
          e       0.28      0.07      0.11        76
          i       0.08      0.81      0.14        63
          o       0.09      0.01      0.02        75
          u       0.19      0.05      0.08        77

avg / total       0.30      0.13      0.12       831

CoF-25%

             precision    recall  f1-score   support

          0       0.50      0.06      0.11        67
          1       0.37      0.10      0.16        70
          2       0.20      0.01      0.03        73
          3       0.50      0.03      0.06        89
          4       0.10      0.95      0.18        76
          5       0.75      0.08      0.14        78
          a       0.73      0.09      0.16        87
          e       0.40      0.05      0.09        76
          i       0.35      0.13      0.19        63
          o       0.25      0.01      0.03        75
          u       0.29      0.05      0.09        77

avg / total       0.41      0.14      0.11       831

HOG_EF-25%

             precision    recall  f1-score   support

          0       0.41      0.42      0.41        67
          1       0.67      0.74      0.70        70
          2       0.83      0.81      0.82        73
          3       0.59      0.56      0.57        89
          4       0.45      0.54      0.49        76
          5       0.59      0.62      0.60        78
          a       0.92      0.83      0.87        87
          e       0.88      0.83      0.85        76
          i       0.76      0.83      0.79        63
          o       0.89      0.65      0.75        75
          u       0.50      0.53      0.52        77

avg / total       0.68      0.67      0.67       831

HOGPCA_EF-25%

             precision    recall  f1-score   support

          0       0.44      0.46      0.45        67
          1       0.67      0.74      0.70        70
          2       0.84      0.81      0.83        73
          3       0.59      0.56      0.57        89
          4       0.45      0.54      0.49        76
          5       0.59      0.62      0.60        78
          a       0.92      0.83      0.87        87
          e       0.86      0.82      0.84        76
          i       0.75      0.83      0.79        63
          o       0.89      0.65      0.75        75
          u       0.53      0.55      0.54        77

avg / total       0.69      0.67      0.68       831

Elliptic-Fourier-30%

             precision    recall  f1-score   support

          0       0.44      0.45      0.45        86
          1       0.70      0.74      0.72        85
          2       0.83      0.84      0.83        85
          3       0.62      0.57      0.59       109
          4       0.46      0.54      0.49        97
          5       0.59      0.59      0.59        91
          a       0.92      0.83      0.87       100
          e       0.82      0.82      0.82        85
          i       0.74      0.81      0.77        78
          o       0.80      0.66      0.72        90
          u       0.52      0.53      0.52        91

avg / total       0.67      0.67      0.67       997

Histogram-of-Oriented-Gradients-30%

             precision    recall  f1-score   support

          0       0.46      0.48      0.47        86
          1       0.70      0.80      0.75        85
          2       0.76      0.67      0.71        85
          3       0.63      0.57      0.60       109
          4       0.49      0.48      0.49        97
          5       0.49      0.52      0.51        91
          a       0.78      0.81      0.79       100
          e       0.73      0.67      0.70        85
          i       0.69      0.71      0.70        78
          o       0.80      0.78      0.79        90
          u       0.53      0.55      0.54        91

avg / total       0.64      0.64      0.64       997

Histogram-of-Oriented-Gradients-PCA-30%

             precision    recall  f1-score   support

          0       0.44      0.47      0.45        86
          1       0.69      0.80      0.74        85
          2       0.77      0.67      0.72        85
          3       0.62      0.56      0.59       109
          4       0.51      0.52      0.51        97
          5       0.49      0.51      0.50        91
          a       0.78      0.81      0.79       100
          e       0.72      0.66      0.69        85
          i       0.70      0.71      0.70        78
          o       0.78      0.78      0.78        90
          u       0.51      0.53      0.52        91

avg / total       0.64      0.63      0.63       997

Hu-Moments-Nmz-30%

             precision    recall  f1-score   support

          0       0.00      0.00      0.00        86
          1       0.38      0.46      0.41        85
          2       0.25      0.41      0.31        85
          3       0.36      0.22      0.27       109
          4       0.26      0.52      0.34        97
          5       0.21      0.10      0.13        91
          a       0.56      0.05      0.09       100
          e       0.33      0.19      0.24        85
          i       0.17      0.65      0.27        78
          o       0.22      0.21      0.22        90
          u       0.25      0.02      0.04        91

avg / total       0.28      0.25      0.21       997

Geometric-30%

             precision    recall  f1-score   support

          0       0.30      0.07      0.11        86
          1       0.29      0.12      0.17        85
          2       0.28      0.06      0.10        85
          3       0.38      0.05      0.08       109
          4       0.52      0.13      0.21        97
          5       0.57      0.09      0.15        91
          a       0.60      0.09      0.16       100
          e       0.21      0.06      0.09        85
          i       0.08      0.79      0.14        78
          o       0.17      0.03      0.06        90
          u       0.18      0.04      0.07        91

avg / total       0.34      0.13      0.12       997

CoF-30%

             precision    recall  f1-score   support

          0       0.45      0.06      0.10        86
          1       0.40      0.09      0.15        85
          2       0.38      0.04      0.06        85
          3       0.80      0.04      0.07       109
          4       0.60      0.12      0.21        97
          5       0.78      0.08      0.14        91
          a       0.75      0.09      0.16       100
          e       0.31      0.05      0.08        85
          i       0.08      0.91      0.15        78
          o       0.33      0.03      0.06        90
          u       0.27      0.04      0.08        91

avg / total       0.48      0.13      0.11       997

HOG_EF-30%

             precision    recall  f1-score   support

          0       0.44      0.45      0.45        86
          1       0.73      0.76      0.75        85
          2       0.86      0.82      0.84        85
          3       0.64      0.61      0.62       109
          4       0.47      0.56      0.51        97
          5       0.59      0.59      0.59        91
          a       0.92      0.84      0.88       100
          e       0.83      0.85      0.84        85
          i       0.74      0.77      0.75        78
          o       0.82      0.68      0.74        90
          u       0.54      0.57      0.55        91

avg / total       0.69      0.68      0.68       997

HOGPCA_EF-30%

             precision    recall  f1-score   support

          0       0.47      0.47      0.47        86
          1       0.74      0.76      0.75        85
          2       0.86      0.82      0.84        85
          3       0.64      0.61      0.63       109
          4       0.48      0.56      0.52        97
          5       0.59      0.59      0.59        91
          a       0.92      0.84      0.88       100
          e       0.85      0.85      0.85        85
          i       0.75      0.79      0.77        78
          o       0.80      0.68      0.73        90
          u       0.56      0.60      0.58        91

avg / total       0.69      0.69      0.69       997

